1900,6.5
1901,7.9
1902,5.7
1903,11.1
1904,9.5
1905,4.5
1906,8.5
1907,2.9
1908,3.9
1909,17.3
1910,10.9
1911,10.2
1912,18.6
1913,1.9
1914,4.3
1915,10.3
1916,17.0
1917,17.2
1918,11.8
1919,9.8
1920,17.1
1921,16.2
1922,7.7
1923,19.7
1924,5.0
1925,13.7
1926,11.2
1927,19.4
1928,16.5
1929,6.8
1930,13.8
1931,1.9
1932,13.1
1933,15.6
1934,3.3
1935,17.2
1936,17.7
1937,16.4
1938,5.9
1939,8.3
1940,1.1
1941,11.5
1942,13.9
1943,1.2
1944,13.6
1945,4.4
1946,18.9
1947,2.4
1948,10.6
1949,15.1
1950,6.3
1951,15.1
1952,7.5
1953,19.3
1954,2.8
1955,9.3
1956,19.5
1957,15.5
1958,8.7
1959,17.2
1960,5.3
1961,19.7
1962,19.4
1963,11.7
1964,14.6
1965,8.2
1966,9.2
1967,16.2
1968,8.3
1969,7.5
1970,18.4
1971,19.4
1972,9.4
1973,4.6
1974,17.6
1975,11.9
1976,10.1
1977,12.3
1978,13.7
1979,11.4
1980,8.5
1981,11.2
1982,16.7
1983,9.6
1984,9.3
1985,19.2
1986,10.6
1987,7.9
1988,6.4
1989,17.9
1990,16.7
1991,15.0
1992,2.1
1993,15.9
1994,12.4
1995,15.5
1996,2.9
1997,12.9
1998,10.1
1999,13.7
2000,19.6
2001,18.9
2002,6.3
2003,1.9
2004,1.7
2005,9.8
2006,5.9
2007,10.9
2008,3.7
2009,19.8
2010,18.3
2011,9.8
2012,9.5
2013,8.0
2014,10.7
2015,17.2
2016,4.3
2017,12.4
2018,18.1
2019,18.4
2020,10.7
2021,1.2
2022,2.3
